— 228-

foliwm 1111111 a p 41,7 (1111111111 1119. l. 11) aa
p 426 ex 11] no 1111111111.

91427 111111 111), pro asininae Ρ111.(1111119),

42,14 1191111111,

43,1111111(31)11111(11111111)

43,12 11111111 (1111111114), 1111111119.

43 21 11111111(1),1’11119,94,41(311)111111119,

44, 8 19111111(1κ111111Ρ1,19(1111119),1’1111 1191111911,

44,12 1111111111111111111111111(339ἀ) fort. l. 1111111111.

46, 7 11111111(31)11111119.

46,14 1111· 11111111.

46, 9 11111111111 (111)11111116111,

46, 10 oum melleet 11111. .

4614 1111111911111611(3 311).

4617911113919111611)

47,211111111(39),1·11111’11(111.17.1111111111(39,
1111111111111119. 60,.6 633.)

47, 7 11111111111111

47, 14 sativi ciceris 1 (3 9).

47, 22 quanm. (1911111911111)1.

48, 8 111119111111111111116111,

4810 111111. 111111. 62,20.

48,11 1111111,

48, 13 banuo 1111111111 (item p. 49,12).’ acrifolium 1111111
p. 1191111119

48, 19 19111111 (39).

49, 3 et 111111111111111111111111111(11111111111111 111
tum 1111611111 9).

49, 17 11 19 defunditur 1 (1111υά11191).

49, 20 1111111111111

6014 116111(31711)9111111119.

60, 16 111111 (uim 1111.)

11, 11 addito 91191111.

61, 2 ui 11111111611111111(39).

61, 2-3 111111Η11111111(11119) 1(11191111246(291)

61, 6 holus idu 111111 (11111111 1111111

61, 9 imponuntiuv=yd

61, 10 191111111111111911(11’1)1,

61, 11 1111111111(111111111111)11’11(391) item raphani
19119. 7621 cf. 916419 1191111119, 1191111911)

1,1111111111(111111119 1109141..)
61, 19 ρ11111(111)1.
62,1 1110191111521).
62, 3 1119111111(3 91).

 

